-0.004800
-0.003407
-0.005173
-0.024925
-0.028265
-0.003286
-0.001980
-0.001914
-0.024888
-0.006952
-0.002591
-0.003224
-0.000962
-0.000762
-0.002946
-0.012984
-0.000125
-0.024930
-0.019628
-0.022815
-0.024930
-0.020331
-0.016185
-0.006351
-0.004056
-0.000163
-0.009772
-0.022296
-0.000352
-0.008498
-0.020333
-0.012422
-0.002861
-0.005698
-0.002069
-0.000718
-0.003529
-0.003588
-0.013365
-0.004066
-0.002161
-0.001712
-0.014329
-0.024930
-0.024278
-0.013194
-0.008155
-0.000314
-0.014725
-0.024133
-0.000543
-0.012326
-0.022594
-0.017546
-0.002403
-0.006017
-0.003817
-0.001144
-0.001990
-0.001083
-0.013443
-0.007232
-0.006038
-0.002717
-0.002063
-0.002341
-0.000097
-0.001182
-0.001450
-0.003365
-0.015637
-0.004546
-0.003368
-0.005388
-0.024930
-0.028787
-0.003520
-0.001165
-0.001617
-0.004376
-0.014938
-0.012339
-0.020001
-0.003313
-0.005437
-0.001561
-0.000064
-0.001051
-0.001530
-0.004233
-0.023829
-0.022580
-0.024338
-0.009637
-0.011688
-0.002992
-0.002365
-0.000103
-0.010072
-0.024930
-0.000360
0.611447
-0.022673
-0.018471
-0.002388
-0.005865
-0.002427
-0.002903
-0.002401
-0.013412
-0.003480
-0.001673
-0.001525
-0.021505
-0.008780
-0.008539
-0.002596
-0.001850
-0.000081
-0.006446
-0.022102
-0.000233
0.036668
-0.018941
-0.010983
-0.003192
-0.005206
-0.003241
-0.001020
-0.001861
-0.001043
-0.012782
-0.003731
-0.001971
-0.001563
-0.024533
-0.009780
-0.012054
-0.003048
-0.002429
-0.000106
-0.010485
-0.024930
-0.000375
0.732645
-0.022694
-0.018525
-0.002384
-0.005871
-0.002426
-0.002909
-0.002409
-0.013429
-0.003466
-0.001660
-0.001521
-0.002548
-0.000107
-0.001311
-0.001608
-0.003653
-0.021753
-0.006073
-0.003370
-0.003992
-0.020501
-0.014401
-0.002213
-0.001990
-0.019530
-0.015755
-0.020032
-0.004886
-0.006180
-0.002151
-0.000090
-0.001695
-0.002545
-0.000074
-0.006725
-0.028787
-0.022805
-0.016999
-0.008197
-0.005593
-0.002243
-0.001367
-0.003517
-0.011532
-0.000132
-0.024930
-0.015335
-0.006370
-0.004389
-0.004829
-0.003329
-0.001101
-0.001746
-0.000918
-0.012306
-0.003564
-0.001905